Zero:
1. 01110 10001 10001 10001 10001 10001 01110		do nauki zera
2. 11111 10001 10001 10001 10001 10001 11111 		do nauki zera
3. 01110 10001 10001 10001 10001 10001 01111		do testów
4. 01110 10001 10001 10001 10001 10001 11110
5. 11110 10001 10001 10001 10001 10001 01110
6. 01111 10001 10001 10001 10001 10001 01110
7. 01110 10001 10001 10001 10001 10001 01010
8. 01110 10001 10001 10001 10000 10001 01110
9. 01110 10001 00101 00001 10001 10001 01110
10.01110 11001 00001 00001 10001 10001 01110		do nauki dwójki


Jedynka:
1.  00001 00011 00101 01001 10001 00001 00001		do nauki jedynki
2.  00001 00011 00101 01001 10001 00001 10001		do nauki jedynki
3.  00001 10011 00101 01001 10101 00001 00001		do testów
4.  00001 00011 00101 01001 10001 00000 00001		do nauki zera
5.  10001 00011 00101 01001 00001 00001 00001
6.  00001 00001 00001 01001 10001 00001 00001		do nauki dziewiątki
7.  00001 00011 00101 01001 10011 10001 00001
8.  00001 00011 00101 01001 10001 01101 00001
9.  00001 00011 00101 01001 10001 00001 00001
10. 00011 00011 00101 01001 10001 00011 00101


Dwójka:
1.  01110 10001 00010 00100 01000 10000 11111		do nauki zera
2.  01010 10001 00010 00101 01000 10000 11111		do nauki dwójki
3.  01110 10001 00010 00100 01100 00000 11111		do testów
4.  01110 11001 00010 00100 01000 10000 11010		do nauki dwójki
5.  00110 10001 10010 00100 01000 10000 11111
6.  01110 10001 00110 00100 01000 10000 01111
7.  01110 10001 00010 00100 01000 10000 11100		do nauki siódemki
8.  01110 10001 10010 00100 01000 10000 01111
9.  01100 10001 10010 00100 01001 10000 11111
10. 00110 10001 00010 00100 11000 10000 11111


Trójka:
1.  01110 10001 00001 00110 00001 10001 01110		do nauki trójki
2.  11111 10001 00001 00110 00001 10001 11111		do nauki trójki
3.  01110 10001 00001 01110 01001 10001 01110		do testów
4.  01110 10001 00001 00110 00001 00001 01010		do nauki szóstki
5.  00110 10001 10001 00110 00001 10001 01110		do nauki siódemki
6.  01110 10001 00001 10110 00011 10001 01110
7.  00110 10001 00001 00110 00001 10001 01100
8.  01110 10001 00001 00110 00001 10000 00100
9.  01110 10001 10000 00110 00001 10001 01110
10. 01100 10101 00001 00110 00001 10001 01110


Czwórka:
1.  00001 00011 00101 01001 11111 00001 00001		do nauki czwórki
2.  00001 00010 00100 01000 11111 00001 00001		do nauki czwórki
3.  00001 00010 00100 01001 11111 00001 00001		do testów
4.  10001 00011 00101 01001 11011 00001 00001		do nauki jedynki
5.  00001 00011 00100 01001 10111 00001 00001
6.  00001 00011 00001 01001 01111 00001 00001
7.  00001 00011 00101 01001 11101 10001 00001		do nauki trójki
8.  00001 00011 00101 01001 11110 00001 00000
9.  01001 00010 00101 01001 11110 00001 00001
10. 00001 00011 00101 01001 01111 01001 01001


Piątka:
1.  11111 10000 11110 00001 00001 00001 11110		do nauki piątki
2.  11111 10000 10000 11110 00001 00001 11110		do nauki piątki
3.  11111 10000 10000 10000 11110 00001 11110		do testów
4.  11011 10000 11110 00001 00001 00001 11110
5.  10111 10000 11110 01001 00001 00001 11110		do nauki dwójki
6.  01111 10001 11110 00001 00001 00001 10110
7.  11101 10010 11110 00001 00001 00001 11110
8.  11110 10100 11110 00001 01001 00001 01110		do nauki trójki
9.  11111 10000 11110 00001 00001 00001 11010		do nauki szóstki
10. 11111 11000 11110 00001 00001 00001 11110


Szóstka:
1.  01111 10000 10000 11110 10001 10001 01110		do nauki szóstki
2.  11111 10000 10000 11111 10001 10001 01110		do nauki szóstki
3.  01111 10000 10000 11110 10001 10001 11111		do testów
4.  11111 10000 10000 11111 10001 10001 01110
5.  01111 10000 10000 01110 10001 10001 01010 
6.  01111 10001 10000 11100 10001 10001 01110		do nauki ósemki
7.  00111 10000 10000 11111 10001 00001 01110		do nauki 1
8.  01110 10000 10000 11110 10001 10001 01100
9.  01101 10001 10000 10110 10001 10001 01110		do nauki dziewiątki
10. 01111 10000 10000 11110 00001 10000 01110


Siódemka:
1.  11111 00010 00100 01000 10000 10000 10000		do nauki siódemki
2.  11111 00001 00010 00100 01000 10000 10000		do nauki siódemki
3.  11111 00001 00001 00010 00100 01000 10000		do nauki piątki
4.  11111 00001 00010 11111 00100 01000 10000		do testów
5.  11111 00001 00010 01110 00100 01000 10000		do nauki 1
6.  11111 00001 00010 11111 01000 10000 10000		do nauki 4
7.  11111 00010 00100 11111 10000 10000 10000
8.  11111 00010 00010 11111 10000 10000 10000
9.  11111 00001 00001 11111 00100 01000 10000
10. 10111 00010 00101 00010 00100 01000 10000


Ósemka:
1.  01110 10001 10001 01110 10001 10001 01110		do nauki ósemki
2.  01110 10001 10001 11111 10001 10001 01110		do nauki ósemki
3.  01110 10001 10001 01110 10001 10001 11111		do testów
4.  11111 10001 10001 01110 10001 10001 01110		do nauki ósemki
5.  11111 10001 10001 01110 10001 10001 11111
6.  11111 10001 10001 11111 10001 10001 11111
7.  01110 10001 10001 11110 10001 10001 01111
8.  11110 10001 10001 11110 10001 10001 01110
9.  01110 10001 10001 01110 10001 10001 01110
10. 00110 10001 10001 01010 10001 10001 01010


Dziewiątka:	
1.  01110 10001 10001 01111 00001 00001 11110		do nauki dziewiątki
2.  11111 10001 10001 11111 00001 00001 11110		do nauki dziewiątki
3.  01110 10001 10001 11111 00001 00001 11111		do nauki piątki
4.  01110 10001 10001 01110 00001 00001 01110		do testów
5.  11110 11001 10001 11111 00001 00001 11110
6.  01110 10001 10001 01011 00001 00001 11111		do nauki czwórki
7.  01110 10001 10001 11111 00001 00011 11110
8.  01110 10001 10001 01111 10001 00001 11111		do nauki ósemki
9.  01110 10001 10001 11111 00001 01001 11110
10. 01110 10001 10001 01111 01001 00001 11111


Puste wartości - nie są to żadne cyfry:
1.  00010 00101 01001 10100 00010 00001 11111		do testów
2.  00100 01011 10001 01010 00100 01010 10101		do testów
3.  10001 01010 00100 10001 10001 00000 01110		do testów Qt
4.  11111 00100 00100 00100 11111 00100 00100
5.  11110 10000 10001 01110 10000 10000 11000


Pomocnicze:
01110
10001
10001
10001
10001
10001
01110

00001
00011
00101
01001
10001
00001
00001

01110
10001
00010
00100
01000
10000
11111

11110
00001
00001
01111
00001
00001
11110

00001
00011
00101
01001
11111
00001
00001

11111
10000
10000
11111
00001
00001
11110

11111
10000
10000
11111
10001
10001
11110

11111
00001
00010
00100
01000
10000
10000

01110
10001
10001
01110
10001
10001
01110

11111
10001
10001
01111
00001
00001
01111
